*****************  ¬ј–»јЌ“   1
число узлов  = 25
 степень полинома       6        8       12
--------   узлы сетки
      -6.000000e-01       -5.166667e-01       -4.333333e-01       -3.500000e-01       -2.666667e-01       -1.833333e-01       -1.000000e-01       -1.666667e-02        6.666667e-02
       1.500000e-01        2.333333e-01        3.166667e-01        4.000000e-01        4.833333e-01        5.666667e-01        6.500000e-01        7.333333e-01        8.166667e-01
       9.000000e-01        9.833333e-01        1.066667e+00        1.150000e+00        1.233333e+00        1.316667e+00        1.400000e+00
  ---- сеточна€ функци€
      7.648630e-01       7.152323e-01       6.384729e-01       5.173181e-01       3.248727e-01       3.077630e-02      -3.529215e-01      -6.717576e-01      -6.981807e-01
     -4.615725e-01      -1.675843e-01       7.509150e-02       2.529655e-01       3.803974e-01       4.727177e-01       5.411000e-01       5.930051e-01       6.333398e-01
      6.653633e-01       6.912802e-01       7.126141e-01       7.304405e-01       7.455335e-01       7.584617e-01       7.696491e-01
