*****************  ¬ј–»јЌ“   1
число узлов  = 25
 степень полинома       6        8       12
--------   узлы сетки
 -6.2300000e-001 -5.3737500e-001 -4.5175000e-001 -3.6612500e-001 -2.8050000e-001 -1.9487500e-001 -1.0925000e-001 -2.3625000e-002  6.2000000e-002  1.4762500e-001  2.3325000e-001  3.1887500e-001  4.0450000e-001  4.9012500e-001  5.7575000e-001  6.6137500e-001  7.4700000e-001  8.3262500e-001  9.1825000e-001  1.0038750e+000  1.0895000e+000  1.1751250e+000  1.2607500e+000  1.3463750e+000  1.4320000e+000
   ---- сеточна€ функци€
 9.9858599e-001  6.1419148e-001 -1.9365762e-001 -8.6798939e-001 -9.4388550e-001 -3.6901934e-001  4.6026736e-001  9.7222253e-001  8.1387846e-001  9.4405531e-002 -6.9015533e-001 -9.9888830e-001 -6.1893730e-001  1.8774029e-001  8.6498025e-001  9.4585921e-001  3.7461512e-001 -4.5490752e-001 -9.7079398e-001 -8.1736611e-001 -1.0040482e-001  6.8578061e-001  9.9915431e-001  6.2366063e-001 -1.8181614e-001
---сеточна€ производна€
 -5.3160237e-001 -7.8915704e+000 -9.8106918e+000 -4.9658275e+000  3.3027287e+000  9.2942172e+000  8.8778036e+000  2.3405845e+000 -5.8103516e+000 -9.9553382e+000 -7.2366126e+000  4.7139870e-001  7.8544040e+000  9.8221870e+000  5.0180590e+000 -3.2457720e+000 -9.2718041e+000 -8.9053868e+000 -2.3991468e+000  5.7611861e+000  9.9494667e+000  7.2780832e+000 -4.1117791e-001 -7.8169522e+000 -9.8333254e+000
--------   узлы сетки
 -3.7700000e-001 -2.5429167e-001 -1.3158333e-001 -8.8750000e-003  1.1383333e-001  2.3654167e-001  3.5925000e-001  4.8195833e-001  6.0466667e-001  7.2737500e-001  8.5008333e-001  9.7279167e-001  1.0955000e+000  1.2182083e+000  1.3409167e+000  1.4636250e+000  1.5863333e+000  1.7090417e+000  1.8317500e+000  1.9544583e+000  2.0771667e+000  2.1998750e+000  2.3225833e+000  2.4452917e+000  2.5680000e+000
  ---- сеточна€ функци€
  5.8785710e-001  5.6354922e-001  9.6767263e-001  8.8633538e-002  9.0793624e-001  7.0055574e-001  4.3578237e-001  9.9426018e-001  2.3431962e-001  8.3633569e-001  7.9798516e-001  2.9851727e-001  9.9917698e-001  3.7489849e-001  7.4650647e-001  8.7802180e-001  1.5474572e-001  9.8231584e-001  5.0730614e-001  6.4040649e-001  9.3892119e-001  7.6013517e-003  9.4404428e-001  6.2865660e-001  5.2034830e-001
---сеточна€ производна€
 -8.0896479e+000  8.2608249e+000 -2.5220960e+000 -9.9606430e+000  4.1910831e+000 -7.1359768e+000  9.0005207e+000 -1.0698918e+000 -9.7215962e+000  5.4821768e+000 -6.0267710e+000  9.5440423e+000  4.0563156e-001 -9.2706587e+000  6.6537816e+000 -4.7862065e+000  9.8795433e+000  1.8723138e+000 -8.6176591e+000  7.6803615e+000 -3.4413224e+000  9.9997111e+000  3.2981874e+000 -7.7768302e+000  8.5395412e+000
