  4.0350583e+001 -1.4408167e+000  3.7596194e+000  1.1786141e+001 -3.4658270e+000 -1.6908125e+001  3.5838828e+000 -4.6608288e+000 -3.3193380e+000 -6.1248044e+000
 -1.4408167e+000  4.4110202e+001  1.0345325e+001  2.9379242e-001 -5.1219833e+000  1.1805583e-001 -2.1568953e+001  2.6454479e-001 -1.0785633e+001 -3.3193380e+000
  3.7596194e+000  1.0345325e+001  4.0644375e+001 -6.5628000e+000  3.8776752e+000 -9.7828121e+000 -3.2012822e+000 -2.7693758e+001  2.6454479e-001 -4.6608288e+000
  1.1786141e+001  2.9379242e-001 -6.5628000e+000  4.4228258e+001 -1.1223629e+001  5.5833722e-001 -1.5907617e+001 -3.2012822e+000 -2.1568953e+001  3.5838828e+000
 -3.4658270e+000 -5.1219833e+000  3.8776752e+000 -1.1223629e+001  4.0908920e+001 -1.7348433e+001  5.5833722e-001 -9.7828121e+000  1.1805583e-001 -1.6908125e+001
 -1.6908125e+001  1.1805583e-001 -9.7828121e+000  5.5833722e-001 -1.7348433e+001  4.0908920e+001 -1.1223629e+001  3.8776752e+000 -5.1219833e+000 -3.4658270e+000
  3.5838828e+000 -2.1568953e+001 -3.2012822e+000 -1.5907617e+001  5.5833722e-001 -1.1223629e+001  4.4228258e+001 -6.5628000e+000  2.9379242e-001  1.1786141e+001
 -4.6608288e+000  2.6454479e-001 -2.7693758e+001 -3.2012822e+000 -9.7828121e+000  3.8776752e+000 -6.5628000e+000  4.0644375e+001  1.0345325e+001  3.7596194e+000
 -3.3193380e+000 -1.0785633e+001  2.6454479e-001 -2.1568953e+001  1.1805583e-001 -5.1219833e+000  2.9379242e-001  1.0345325e+001  4.4110202e+001 -1.4408167e+000
 -6.1248044e+000 -3.3193380e+000 -4.6608288e+000  3.5838828e+000 -1.6908125e+001 -3.4658270e+000  1.1786141e+001  3.7596194e+000 -1.4408167e+000  4.0350583e+001
