  2.8711383e+002 -8.5920689e+001 -4.1151044e+001  9.4417456e+001  2.0853864e+001  9.7574811e-001  3.6052686e+001 -4.7780128e+001 -1.2961729e+001 -9.7774294e+000 -4.3266739e+001  2.2993941e+001 -1.6542470e+001 -4.6527344e+001  2.6730747e+001  4.7399422e+000  4.0959988e+001 -1.2770003e+001 -3.2182351e-001  1.9210091e+001
 -8.5920689e+001  2.4596278e+002  8.4967677e+000 -2.0297180e+001  9.5393205e+001  5.6906549e+001 -4.6804380e+001  2.3090957e+001 -5.7557558e+001 -5.6228468e+001  1.3216511e+001 -5.9809209e+001 -2.3533403e+001  1.0188277e+001 -4.1787402e+001  6.7690735e+001 -8.0300605e+000  4.0638164e+001  6.4400885e+000 -3.2182351e-001
 -4.1151044e+001  8.4967677e+000  2.6681665e+002  9.4725159e+000  1.5755505e+001  4.7613076e+001  4.3944820e+001 -5.6581810e+001 -2.0175783e+001 -3.4563617e+001 -7.2770938e+001 -3.3310833e+001 -3.3078462e+001 -1.8793461e+001  5.1148265e+001 -5.4557405e+001  6.7368912e+001  1.1180031e+001  4.0638164e+001 -1.2770003e+001
  9.4417456e+001 -2.0297180e+001  9.4725159e+000  3.0286933e+002 -3.8307613e+001  2.7937761e+000  3.7835647e+001  6.7808135e-001 -3.3587869e+001 -3.6718253e+001 -8.1090961e+001 -4.6040191e+001 -2.8570890e+001  7.8815258e+000 -3.1563464e+001  5.0826441e+001 -3.5347313e+001  6.7368912e+001 -8.0300605e+000  4.0959988e+001
  2.0853864e+001  9.5393205e+001  1.5755505e+001 -3.8307613e+001  2.8990760e+002 -4.8085042e+001 -4.0472963e+001  6.0829588e+001 -1.5864389e+001 -8.0115213e+001 -9.9875053e+000 -7.6351019e+001 -5.0802033e+000 -4.1340893e+001  7.5597023e+000 -1.2353373e+001  5.0826441e+001 -5.4557405e+001  6.7690735e+001  4.7399422e+000
  9.7574811e-001  5.6906549e+001  4.7613076e+001  2.7937761e+000 -4.8085042e+001  2.4664087e+002 -2.5091101e+001 -5.7015433e+001  1.4302243e+001  1.0866359e+001 -7.5375271e+001  3.0972482e+001 -8.9121022e+001 -5.4020268e+000 -2.2130802e+001  7.5597023e+000 -3.1563464e+001  5.1148265e+001 -4.1787402e+001  2.6730747e+001
  3.6052686e+001 -4.6804380e+001  4.3944820e+001  3.7835647e+001 -4.0472963e+001 -2.5091101e+001  2.3009840e+002 -7.1618445e+001 -3.0284686e+001  1.9042186e+001  5.1826346e+001 -8.8145274e+001  3.0650659e+001 -6.9910930e+001 -5.4020268e+000 -4.1340893e+001  7.8815258e+000 -1.8793461e+001  1.0188277e+001 -4.6527344e+001
 -4.7780128e+001  2.3090957e+001 -5.6581810e+001  6.7808135e-001  6.0829588e+001 -5.7015433e+001 -7.1618445e+001  2.5682914e+002 -6.6878503e+001  1.0675302e+001  6.2721829e+000  5.1504523e+001 -6.8935182e+001  3.0650659e+001 -8.9121022e+001 -5.0802033e+000 -2.8570890e+001 -3.3078462e+001 -2.3533403e+001 -1.6542470e+001
 -1.2961729e+001 -5.7557558e+001 -2.0175783e+001 -3.3587869e+001 -1.5864389e+001  1.4302243e+001 -3.0284686e+001 -6.6878503e+001  2.9778913e+002 -7.9648506e+001  1.0353478e+001  2.5482274e+001  5.1504523e+001 -8.8145274e+001  3.0972482e+001 -7.6351019e+001 -4.6040191e+001 -3.3310833e+001 -5.9809209e+001  2.2993941e+001
 -9.7774294e+000 -5.6228468e+001 -3.4563617e+001 -3.6718253e+001 -8.0115213e+001  1.0866359e+001  1.9042186e+001  1.0675302e+001 -7.9648506e+001  2.9746731e+002 -6.0438415e+001  1.0353478e+001  6.2721829e+000  5.1826346e+001 -7.5375271e+001 -9.9875053e+000 -8.1090961e+001 -7.2770938e+001  1.3216511e+001 -4.3266739e+001
 -4.3266739e+001  1.3216511e+001 -7.2770938e+001 -8.1090961e+001 -9.9875053e+000 -7.5375271e+001  5.1826346e+001  6.2721829e+000  1.0353478e+001 -6.0438415e+001  2.9746731e+002 -7.9648506e+001  1.0675302e+001  1.9042186e+001  1.0866359e+001 -8.0115213e+001 -3.6718253e+001 -3.4563617e+001 -5.6228468e+001 -9.7774294e+000
  2.2993941e+001 -5.9809209e+001 -3.3310833e+001 -4.6040191e+001 -7.6351019e+001  3.0972482e+001 -8.8145274e+001  5.1504523e+001  2.5482274e+001  1.0353478e+001 -7.9648506e+001  2.9778913e+002 -6.6878503e+001 -3.0284686e+001  1.4302243e+001 -1.5864389e+001 -3.3587869e+001 -2.0175783e+001 -5.7557558e+001 -1.2961729e+001
 -1.6542470e+001 -2.3533403e+001 -3.3078462e+001 -2.8570890e+001 -5.0802033e+000 -8.9121022e+001  3.0650659e+001 -6.8935182e+001  5.1504523e+001  6.2721829e+000  1.0675302e+001 -6.6878503e+001  2.5682914e+002 -7.1618445e+001 -5.7015433e+001  6.0829588e+001  6.7808135e-001 -5.6581810e+001  2.3090957e+001 -4.7780128e+001
 -4.6527344e+001  1.0188277e+001 -1.8793461e+001  7.8815258e+000 -4.1340893e+001 -5.4020268e+000 -6.9910930e+001  3.0650659e+001 -8.8145274e+001  5.1826346e+001  1.9042186e+001 -3.0284686e+001 -7.1618445e+001  2.3009840e+002 -2.5091101e+001 -4.0472963e+001  3.7835647e+001  4.3944820e+001 -4.6804380e+001  3.6052686e+001
  2.6730747e+001 -4.1787402e+001  5.1148265e+001 -3.1563464e+001  7.5597023e+000 -2.2130802e+001 -5.4020268e+000 -8.9121022e+001  3.0972482e+001 -7.5375271e+001  1.0866359e+001  1.4302243e+001 -5.7015433e+001 -2.5091101e+001  2.4664087e+002 -4.8085042e+001  2.7937761e+000  4.7613076e+001  5.6906549e+001  9.7574811e-001
  4.7399422e+000  6.7690735e+001 -5.4557405e+001  5.0826441e+001 -1.2353373e+001  7.5597023e+000 -4.1340893e+001 -5.0802033e+000 -7.6351019e+001 -9.9875053e+000 -8.0115213e+001 -1.5864389e+001  6.0829588e+001 -4.0472963e+001 -4.8085042e+001  2.8990760e+002 -3.8307613e+001  1.5755505e+001  9.5393205e+001  2.0853864e+001
  4.0959988e+001 -8.0300605e+000  6.7368912e+001 -3.5347313e+001  5.0826441e+001 -3.1563464e+001  7.8815258e+000 -2.8570890e+001 -4.6040191e+001 -8.1090961e+001 -3.6718253e+001 -3.3587869e+001  6.7808135e-001  3.7835647e+001  2.7937761e+000 -3.8307613e+001  3.0286933e+002  9.4725159e+000 -2.0297180e+001  9.4417456e+001
 -1.2770003e+001  4.0638164e+001  1.1180031e+001  6.7368912e+001 -5.4557405e+001  5.1148265e+001 -1.8793461e+001 -3.3078462e+001 -3.3310833e+001 -7.2770938e+001 -3.4563617e+001 -2.0175783e+001 -5.6581810e+001  4.3944820e+001  4.7613076e+001  1.5755505e+001  9.4725159e+000  2.6681665e+002  8.4967677e+000 -4.1151044e+001
 -3.2182351e-001  6.4400885e+000  4.0638164e+001 -8.0300605e+000  6.7690735e+001 -4.1787402e+001  1.0188277e+001 -2.3533403e+001 -5.9809209e+001  1.3216511e+001 -5.6228468e+001 -5.7557558e+001  2.3090957e+001 -4.6804380e+001  5.6906549e+001  9.5393205e+001 -2.0297180e+001  8.4967677e+000  2.4596278e+002 -8.5920689e+001
  1.9210091e+001 -3.2182351e-001 -1.2770003e+001  4.0959988e+001  4.7399422e+000  2.6730747e+001 -4.6527344e+001 -1.6542470e+001  2.2993941e+001 -4.3266739e+001 -9.7774294e+000 -1.2961729e+001 -4.7780128e+001  3.6052686e+001  9.7574811e-001  2.0853864e+001  9.4417456e+001 -4.1151044e+001 -8.5920689e+001  2.8711383e+002
